epoch:87 0.8094  0.9726  0.9403  0.0000  0.7623  0.8119  0.8248  0.8609  0.8609  0.0000  0.7922  0.8632  0.0583  0.000000
epoch:88 0.8150  0.9740  0.9479  0.0000  0.7831  0.8165  0.8294  0.8643  0.8643  0.0000  0.8150  0.8663  0.0577  0.000000
