epoch:194 0.8134  0.9749  0.9425  0.0000  0.7610  0.8159  0.8302  0.8646  0.8646  0.0000  0.7922  0.8669  0.0580  0.000000
epoch:195 0.8132  0.9718  0.9410  0.0000  0.7591  0.8150  0.8277  0.8635  0.8635  0.0000  0.7956  0.8657  0.0582  0.000000
