epoch:196 0.8130  0.9730  0.9415  0.0000  0.7573  0.8153  0.8311  0.8638  0.8638  0.0000  0.7906  0.8661  0.0583  0.000000
epoch:197 0.8136  0.9728  0.9452  0.0000  0.7697  0.8153  0.8264  0.8625  0.8625  0.0000  0.8006  0.8648  0.0582  0.000000
epoch:198 0.8104  0.9747  0.9369  0.0000  0.7587  0.8127  0.8262  0.8602  0.8602  0.0000  0.8039  0.8623  0.0581  0.000000
epoch:199 0.8143  0.9749  0.9461  0.0000  0.7514  0.8172  0.8285  0.8649  0.8649  0.0000  0.7806  0.8675  0.0585  0.000000
